9782
9536
9453
6248
1791
7804
1334
265
9713
3316
486
6249
4141
8890
396
3813
6324
1121
8146
5855
3098
1944
2613
9016
2763
4742
6198
9625
5005
1335
9799
3016
5041
210
6345
9599
6066
1612
9267
1069
182
4191
5064
557
8813
6160
9032
1388
6414
8065
798
1158
2212
1298
589
6144
1140
3699
2471
753
3195
9481
849
2102
39
3741
5114
3359
208
4283
7111
4037
8659
6689
6719
9171
822
4679
2348
8925
6609
4318
2528
5393
2302
854
6013
6157
8618
149
6660
844
531
839
9053
2806
3822
1017
2901
4891
3021
9466
9311
2643
5696
9047
2603
2864
3357
3871
9030
3823
2904
3013
2285
6475
6081
214
2159
2997
9412
7703
4161
577
1822
892
7126
6862
4078
4337
5494
7541
2508
2421
7589
8682
6146
6165
9558
2533
9211
6671
745
8778
2989
6442
9862
8324
6652
9193
8333
1968
1397
8115
1260
5071
9491
3391
1464
6525
873
6122
1969
6194
6663
2578
5448
5646
2423
5835
994
3429
4125
8442
5378
7117
5206
6473
5132
5679
1311
8678
2035
4140
9649
7926
8844
7827
1883
1531
1513
8186
1046
3904
7152
7221
615
8649
9580
6017
6814
9188
5834
8758
4459
7911
7542
7277
4860
2836
9801
3723
9014
451
1774
7187
6302
9461
8996
3102
4836
6737
6420
1584
706
933
7213
7395
9198
5334
1039
5620
6148
6478
9800
8198
6361
2981
8894
6736
6592
4379
7947
8056
3813
2828
728
9971
9891
287
6947
8006
1716
3778
6871
8785
6839
5655
9004
994
3809
6966
1389
2321
7884
452
1826
7776
1560
7518
4488
3988
7962
8564
5467
4229
6064
5242
5863
8849
4983
82
3286
1049
393
8518
5982
516
1517
4564
5202
6916
1661
7844
3011
9282
5201
380
4166
8089
8576
1006
3586
3273
314
921
2548
6258
7994
2706
5322
3437
9643
4746
5047
907
3437
8278
5726
3835
9555
554
4995
2812
8316
3070
3855
7321
4729
7636
4216
9017
1301
9040
88
8751
783
2441
4893
7751
9069
5851
6391
5765
729
1140
4817
6842
430
1411
5604
1752
5150
849
2679
9080
3720
2682
1273
8179
9567
4912
5290
1213
9506
8996
4825
3509
7623
6316
9541
2648
5641
9729
2282
2946
2455
6081
6763
8959
1181
7388
2402
6914
6096
4198
9834
254
8070
1576
8776
2595
3335
6748
4182
404
5577
8824
3940
1407
8373
8007
2144
8542
9158
4594
2552
8105
4513
3784
3086
9053
3124
6873
6834
785
715
2807
3301
5351
830
9111
5757
7385
8318
484
4555
5500
6524
3659
8498
8453
654
1044
7489
6346
764
2809
1735
6122
5577
1004
3256
1556
5167
7450
2015
7311
211
8662
3622
9947
1575
2915
5371
7047
6112
5161
3944
2503
3032
8033
9225
8264
6017
9233
9019
5528
186
7660
9544
9829
612
4118
5931
8357
7119
6477
3014
2393
6871
5070
9252
9335
2619
7278
6878
5158
2425
7279
4089
610
449
123
1908
5476
2892
3858
9354
5272
8396
1047
2730
251
9460
7830
3352
2688
7428
8026
460
9970
9199
240
9837
4013
767
4210
2028
8202
2305
2974
2007
4567
5776
2232
4683
210
7858
407
8243
3081
6932
6706
3926
8594
5087
1982
2094
1609
6223
2506
5849
6008
4070
6148
533
6161
4729
6721
1219
7393
8074
5529
1804
759
2015
5831
7316
2234
7864
2611
8607
6778
3283
7464
2002
2468
8284
5988
5104
8052
7899
1239
7069
7729
8722
9292
5992
7937
85
3174
5526
1581
2850
6568
942
4076
5818
2486
1442
2113
3588
6164
9112
898
1909
477
8642
9393
3055
5654
3139
5083
2389
1157
3589
9103
8737
6328
1028
1216
4561
8285
1999
1771
5987
962
326
4748
1403
6537
2447
5794
5948
7346
3830
6977
3834
6175
8736
6787
7382
4979
4951
2268
2368
1666
11
2291
9988
9856
7034
5873
3641
5570
9692
7307
5593
1296
2951
5066
2541
3341
601
5367
8520
2899
3961
7080
246
35
7862
3976
9490
3297
9304
8775
4500
128
6219
9504
2788
6115
4970
9090
9992
5684
5436
4526
5901
1382
6309
9903
660
6508
2630
6844
9620
3855
9475
1125
342
3067
5637
3315
54
4941
5229
1476
6746
4622
3191
824
7822
5308
7966
7273
642
7795
922
2852
4617
1601
7208
9481
575
7324
9857
4089
9157
807
9472
4124
2200
7969
1321
1673
7301
1993
4291
4224
4894
3133
8231
931
5376
6403
5644
7841
8734
1557
5959
5408
7274
9285
7506
8085
1049
4380
7056
2025
8620
9915
4488
1922
1980
8822
2518
2501
1630
1574
5024
6813
4524
5678
616
2379
1513
7406
6303
4435
7460
7526
5607
3419
8828
8685
9353
6272
2059
3580
409
5276
4672
1973
3949
9329
2038
1066
6582
7161
9032
1552
8752
5986
6141
8588
6296
6369
2974
8433
7527
7012
3674
5261
3633
8125
3554
5495
8423
3918
1211
4998
8208
7010
1195
280
1042
4895
9717
1338
9062
8998
707
730
2024
397
1745
6016
6994
4909
7508
4393
1766
7926
1066
9009
8846
7140
4116
386
5069
4976
6521
8952
7346
1791
5670
4552
6233
8054
8092
139
5159
2874
2439
327
5379
9505
2470
1550
4652
8932
9846
5706
5657
7832
8390
1033
7556
6257
5841
6921
1780
4984
3125
8312
1528
1780
2293
889
5674
5777
2123
1713
7231
8331
5302
5673
8617
9340
7782
7444
7686
3084
144
2836
6424
2431
2426
582
7550
8555
5532
647
3957
1129
5470
2098
116
1200
8589
8047
8553
7986
3223
4320
8628
1205
7488
2803
7987
1232
1460
9090
89
5854
9740
2157
5332
6676
3115
6324
1711
8841
2374
5756
8615
411
4394
5806
2165
9759
4638
8350
2808
9154
2621
9661
6013
5023
9897
1649
3643
7096
4254
4793
6740
7739
1184
3529
1282
6824
5170
8149
1027
9994
5715
5331
7062
2125
2371
2085
3895
7197
9929
5661
2511
2864
2751
8571
4803
4528
6381
8061
2534
1235
6888
3065
6813
2733
8893
8846
693
2712
8712
8276
4834
2671
6972
1590
3183
4127
1999
723
8054
9174
754
6631
6900
5893
1956
3332
9424
9252
5735
3592
9848
3424
4652
6558
879
8327
9463
1892
5046
4957
1807
9673
7646
9198
1960
8941
6792
8544
5001
5130
1490
1754
3679
6840
4450
5579
9931
2753
4601
4552
7418
274
6043
3391
4672
1931
8904
2786
9084
4791
1772
8540
952
3373
4381
5905
6656
2879
7296
7762
7951
2568
6650
8898
9456
8660
5868
3571
1987
6557
9199
6577
5879
4986
5204
5450
9706
8105
4867
4788
7812
6235
4445
733
9562
5755
1034
1680
8631
7297
1849
6298
2167
3749
8369
1053
1371
6841
2114
4545
5574
4326
1366
8578
6240
3458
6030
8398
4260
3299
7280
6858
4647
4650
2553
6767
6711
2658
8646
3991
6239
2531
8145
5325
7691
6226
6752
3398
4825
9827
3145
2930
7243
747
4250
6206
3046
9731
1098
4667
2562
9840
5323
723
8882
9497
1374
7550
7206
2464
4837
1996
8034
3047
6121
5866
1349
9174
7948
1618
4502
2560
3819
8709
5907
8405
5786
2883
9255
5016
7500
9374
4787
9711
8248
9329
9962
7408
8109
2746
4973
6298
8127
45
2834
4031
1417
9385
1797
1382
7216
407
5201
365
7085
7605
4380
9194
2488
5745
2065
8129
49
6280
3088
1735
288
9344
2419
9687
2721
6018
4123
4953
6030
2665
758
2120
4660
7802
481
8294
1631
8077
9240
1780
3395
1194
4283
1506
1949
9494
3575
8082
7273
7126
5853
4438
1955
2454
9805
3844
8526
4689
7149
4291
8663
9229
8961
2493
9796
6544
9919
2830
4617
5753
1678
3962
8256
8854
5337
3282
4366
7639
9494
3496
5138
60
9564
343
2720
2109
4586
3282
6506
1470
9133
8410
6788
3794
8401
7721
5787
551
7218
6566
4176
4519
2866
648
6219
4912
8660
5180
1822
8118
1684
3585
8859
8698
4184
4308
74
8129
273
436
6306
2652
8306
5195
566
6459
6531
1146
2845
3336
469
6146
511
2735
4833
4324
9787
6134
52
4915
4625
1971
6456
3830
8397
7712
6300
1365
8397
7855
5714
5074
9937
1078
3414
2107
7597
2087
4922
3330
2844
7150
4494
6566
50
1579
3025
6494
6495
6634
9481
345
4941
5626
88
7217
7417
7093
6904
1622
4779
478
8778
5663
4038
9864
2006
656
9194
5459
4510
7182
2118
4387
4403
923
518
7656
5909
5281
4820
6195
8458
4423
2972
6066
661
5363
5106
5694
9309
4530
2750
3276
7186
7955
3714
5728
1195
5676
9392
9353
526
2923
8314
5623
2377
3753
1044
6474
4205
1073
2170
9391
8694
8300
40
4115
2869
2329
6079
3232
6551
5332
3971
7993
7269
3086
1258
990
4439
2577
3258
8079
9459
2318
5212
556
837
314
422
3204
2121
6660
6232
6121
6585
505
4070
7267
220
8011
8559
7235
79
2611
8693
3259
6702
9751
7377
1635
5832
5997
3151
1381
5114
4253
8382
4771
1879
4639
3084
8572
6762
5738
8298
8232
3228
8855
3337
8021
1834
3201
2564
3395
3327
5191
6872
7877
544
5144
3729
5854
7336
2667
2532
7998
8856
5878
9633
1425
7708
2345
7402
5197
6543
8225
7769
3403
2345
1830
1380
4052
2659
4259
8619
9735
197
2521
9455
4220
918
1085
3287
8509
2438
4595
1793
4772
9636
7961
8576
1263
7327
7915
5977
9083
4551
9171
5539
1448
2987
1274
976
9458
7132
1923
6631
2812
7837
3971
690
1985
1170
2802
7588
9492
5899
3931
8610
1726
8220
7603
4994
3740
5953
5824
7281
7101
8357
7668
4858
6616
8366
9440
7347
6812
9736
9711
4471
3725
6429
4200
1486
8863
4671
1769
8326
5902
6889
3644
666
6887
8805
178
6887
3381
4230
406
2442
8725
2935
2234
2688
7503
678
6786
3007
2207
6872
7373
8801
8412
6018
6892
1103
7642
9464
9224
5992
2056
9005
3468
5877
5909
9104
2724
3450
3957
6444
9294
7910
7160
7985
2766
1037
9202
8908
5979
5962
6252
126
4435
1747
8143
653
5124
2372
6813
7175
6249
7439
9791
7985
2849
3415
9900
415
942
6449
8904
6916
6528
7840
8873
3648
1797
5109
7913
4731
3945
7660
6573
5429
1309
9206
7872
3172
1587
9843
7044
9820
792
844
3624
577
1238
1187
1806
983
9213
7541
9227
2926
5511
446
8460
2355
5265
626
1662
8069
6517
6963
8204
5031
4009
3723
355
4760
3667
7587
402
3250
7462
5521
9148
6142
5783
8074
8503
7120
8215
7690
3768
7468
3542
6459
2200
592
8726
3031
1929
359
5937
3379
3002
2470
1567
4517
1330
963
3343
4658
9694
1258
7393
7485
8937
9993
7939
2387
5025
180
1252
4476
3701
9980
2580
790
8218
5597
933
9716
4600
3766
4391
2623
514
4915
6707
2090
267
522
1292
4094
5142
4434
4237
7487
4342
1340
3874
9575
2689
1959
3055
6173
4364
6489
2348
534
5149
22
307
5305
5280
4810
4947
9219
3866
8950
9092
8225
9479
2183
532
6124
4824
9832
6032
3383
231
1450
977
2763
4406
7245
5742
7741
6065
6174
8539
5403
3467
7492
1278
7794
4505
7302
9695
1904
5618
7060
8056
6179
4875
7193
9711
6249
5792
145
7773
2917
2851
9852
2799
234
1866
2855
7287
1447
4293
8913
7712
4287
9123
5460
9360
4250
1825
2608
591
2593
6296
6892
5452
3458
7863
2442
8818
8306
3774
8681
5369
4349
1501
4758
8505
1989
8567
7207
1109
1899
6113
2236
6518
7041
2986
7318
4279
6119
535
9588
9430
7926
5022
6076
9282
5918
8276
2318
1923
567
5141
6710
2244
6919
6808
9388
4399
858
1823
9536
7080
7227
3377
2442
8903
3338
1696
9851
3471
213
5651
5169
4406
8058
4844
6335
8520
1184
8947
2629
4358
6276
387
2390
6109
7327
1389
8297
5013
7610
9196
7576
952
4325
4748
1890
6335
8473
9548
2989
8245
1064
2832
3094
1263
413
6795
4812
6739
7466
8874
5645
3108
8862
1279
7376
6536
6477
5981
4118
1999
1046
7227
3373
1981
9053
8844
6989
7046
5170
2763
3365
5214
4804
7487
4583
5255
4041
6506
7614
5454
3865
8651
3137
7964
6914
8222
3761
2566
1793
8226
8132
8232
6101
3557
7500
8531
5964
3960
1891
7689
6795
2108
2650
6166
1525
4996
1971
3462
6263
9798
8982
1576
4091
3742
9060
2458
9482
4413
5477
5023
7033
5587
7484
7417
1389
8637
3256
1290
4242
919
8265
8327
8678
3729
3805
7394
2309
2810
8890
6778
3298
6463
7580
3387
222
8554
7225
7946
5979
7142
7786
9546
5547
9131
3406
4913
7943
4411
6726
4095
3850
3899
4858
1300
4493
7892
4910
2409
3186
9720
2269
6577
5914
3247
2676
2264
6647
8306
5161
8388
1921
7893
1738
3889
379
980
4815
9933
3548
4074
7502
6045
9767
912
2149
268
7919
8416
912
2005
1304
6286
8283
7995
5076
350
8542
8371
7852
9829
7451
5408
4247
3192
8077
5344
3010
4805
9971
1805
1775
9633
7950
296
5789
7934
4090
341
7754
6817
2825
1385
8844
6789
3397
4563
2451
6054
427
5910
6555
9598
6933
8104
3100
223
8743
550
892
8962
7060
3478
7616
4745
8184
8983
6598
7743
4222
2233
9719
6142
2832
3984
3026
4614
8470
882
5666
1234
9633
2301
9724
6555
9413
8270
6721
4455
9633
7966
8325
8554
6616
6999
9875
7969
2901
8209
7057
7929
8964
8153
6973
5124
2469
3558
4699
9538
4960
4942
3830
1573
9204
2583
6643
2951
3558
5751
1434
2044
9552
503
8840
5558
9757
2258
3979
7150
7875
6406
5370
4426
5532
7592
7039
986
1151
6026
3212
9645
9801
3118
5317
8483
8703
3020
8527
2909
6559
8561
5043
3683
4768
7629
294
6242
7130
3298
9997
8558
116
3537
442
2825
9971
575
5918
2803
9640
5082
4928
9905
5017
4958
7783
2766
3605
8098
3415
3904
924
798
2320
2418
6750
5987
5697
3539
3547
4579
3843
1502
6176
5718
8720
5797
6985
7639
62
2489
3798
3913
1189
9408
8690
2196
8620
4024
2336
1155
2624
939
1117
4982
3279
9767
8551
1387
6884
3554
2795
2101
7286
2028
1093
7759
4116
5998
900
8451
9727
2334
4169
489
2080
2903
7123
6302
5958
8330
6501
1943
4806
1847
4857
5421
5045
5655
243
8212
250
4135
7719
91
3570
2715
7313
9921
2671
5076
1559
7289
7620
8387
6263
6025
1080
6456
5926
345
1778
4001
6829
9213
3249
8631
2728
3979
6518
8085
226
7518
1329
8657
4350
4726
8707
359
2838
979
7222
6938
6613
1029
9677
8485
9313
3136
9337
2719
3845
6587
5916
6396
1579
2671
8001
3742
7849
3228
4760
3839
6230
374
9990
4214
9671
455
5027
6432
2814
944
9565
9156
2316
7237
198
4692
5308
9455
3964
3014
4422
3409
7313
4009
5981
1904
3395
3926
5706
3910
9539
5040
2133
791
9141
7668
3251
4223
6969
2630
8540
4465
2958
6984
5143
5142
5896
3215
9628
3250
4302
3291
5342
6214
7618
1623
3764
6077
6263
4681
1021
7651
9669
718
8049
3914
6267
7826
8884
8089
5930
980
5125
8762
6838
9954
3236
4784
2892
6603
8564
4366
5321
3430
6610
3650
3729
9417
9234
1495
2901
6297
7628
5977
9384
1530
7341
8788
1206
6110
5391
9656
5233
1338
529
8133
111
9285
2697
7083
1104
9347
4427
9539
6420
5833
1216
1790
645
244
5719
9640
7868
5078
2001
8271
9576
7267
458
4050
7272
2504
2365
9190
6418
1581
9663
485
7714
1422
6427
2357
4718
5505
8359
8378
8512
1801
7617
4763
55
1282
28
5183
7441
3803
5769
9995
6383
7533
9493
9611
4586
2139
3456
2421
3160
9057
3017
6733
5216
3109
2797
3737
3246
4092
5752
458
7962
7951
9493
9635
2332
6275
7010
7648
9392
8228
3209
7078
4598
373
2835
1154
4502
619
4148
6440
6905
3506
6416
2960
5030
2344
8357
6796
5622
1104
5947
9092
2311
2834
6658
2192
1522
2576
1047
268
8503
3179
3268
2683
1002
4186
6110
2008
3358
2167
3123
3284
870
2527
7691
7772
3236
2530
8762
5808
8295
5788
7937
3396
5773
8335
8855
8522
1258
3269
6643
8680
8117
5526
9351
3783
3800
9478
5499
1239
6785
8493
3154
6709
8145
2958
3637
1325
3391
3447
3701
6799
9848
4632
5381
199
2885
9595
1172
8962
8260
5042
7298
6461
6687
3685
7726
5519
42
1786
3136
8334
8430
6952
5283
9564
9430
2638
6088
8998
6636
9845
9708
263
3995
8179
9187
6620
6499
6861
3865
7453
1281
591
9447
5695
5365
8146
4430
8754
5385
1779
1511
4408
1243
6612
1164
6615
476
7254
2445
1692
7350
5879
9908
3772
6244
2077
6529
6038
8727
5762
7851
9564
9433
4529
6505
2046
611
710
9902
1318
8773
1493
104
9970
8867
200
5341
7329
3739
8411
2864
4083
395
4284
5484
920
3192
3112
859
1226
1145
4054
5388
2816
6070
4541
6163
7403
7128
3774
5620
4992
6517
3681
6488
1814
2202
296
6835
211
8429
1783
1082
4381
6271
7986
4333
9322
5420
1924
1139
79
8609
9436
4492
6128
4154
8640
8880
2037
8893
469
6676
7100
6484
2594
4125
8692
460
1548
8815
7599
9902
5586
8489
2714
1561
471
7718
3510
9075
9628
9000
8700
4030
9057
6709
6825
3919
8505
6187
7034
6868
6361
4926
6197
5209
5636
6436
1868
7611
4360
9
2591
3105
116
9225
5451
3439
9528
7062
4993
3798
218
6731
6264
149
2391
1292
48
4365
1137
7599
8710
8322
8098
1786
6303
9488
7689
6929
5352
4305
5884
8991
370
5804
9014
5529
4254
9386
6234
325
3342
6275
2623
3760
1567
6344
3623
3720
3154
1107
3060
6359
330
6229
7707
1913
5103
9289
9570
5949
7219
2545
4315
4106
8127
3721
6477
1379
4819
458
5665
2649
2869
3897
7104
2328
9107
819
87
1761
3236
7854
2222
8768
1294
6311
5703
9164
8066
8877
6867
6122
9443
5632
5344
1205
3168
7449
7840
8765
7360
7335
7970
3554
559
8440
6052
69
8187
1912
2766
6042
1961
5627
2525
2952
6424
6125
5868
6786
4806
5325
1488
7416
4024
2346
3265
4321
3287
1761
4684
9022
137
2572
4323
9851
5283
5050
5005
9334
7870
5444
7078
9831
5252
7289
4693
3635
3907
5568
5014
9955
7681
863
1368
863
7635
6942
8394
7123
8293
2978
7525
4388
899
2185
666
5869
6055
7686
6558
4554
9604
8908
3357
7715
8640
7956
318
5609
7334
3894
974
3244
8982
4474
4701
277
7360
4873
9228
8424
1419
1730
1355
39
3264
3314
425
9879
5270
8916
1984
9653
2488
14
3671
6107
486
9226
9339
9821
4327
4242
3650
7840
6268
9195
2285
8174
7627
1512
3041
6126
3684
8358
5624
4533
7118
2827
2036
5533
4765
7697
9857
1736
6749
7800
4439
1385
3185
3849
4262
3648
748
1595
1229
5370
2930
7264
1539
4354
6908
8011
9374
8758
9926
6629
2592
9543
2966
6213
6298
6509
468
279
7386
8150
1420
1212
9572
356
1728
2746
3201
277
820
2728
32
4007
3142
4100
7187
5326
6666
1107
3468
7138
758
2963
8609
1258
1284
821
8311
9100
3529
9660
2353
3607
2041
938
2580
4559
8648
9850
2608
6034
3404
6338
5235
3961
6692
1103
4508
7948
2762
9699
8346
4160
2793
6123
197
5936
4933
4941
3154
7724
8679
6836
8929
223
8899
3768
2126
5642
3913
1323
5406
2524
7610
1710
1277
9925
1990
6688
7099
1376
9042
7868
1914
6864
4932
6520
3282
6138
7990
6084
3403
8593
8737
2366
3958
2250
8264
9644
8191
8444
6270
9505
2097
4929
6327
195
7030
4931
953
6085
6376
1193
3474
1754
1136
320
5005
6670
8535
1026
8613
9799
2227
3717
4762
4182
442
247
5879
2089
2272
5157
9315
9468
7317
6872
4350
4269
3401
8461
2532
7548
8125
6262
8674
4484
1321
771
2831
9349
8823
4626
9596
4395
801
2821
3878
9470
5044
2837
4980
7466
1568
6765
3541
8400
7601
444
5290
8041
8294
7603
5920
4676
3419
5689
5331
8272
6544
2410
7485
9478
4782
5142
2336
2223
954
815
4902
9194
6147
3586
1606
7958
9223
9904
2514
4334
4508
3113
6940
9109
418
7819
2918
3924
1016
724
7656
2567
3961
9860
5376
2133
6988
1062
1470
4544
9974
8682
7761
5570
3778
7432
4741
1792
8593
8592
8868
9816
7602
1220
4077
9602
8578
4060
2316
3201
6029
457
6082
8595
5769
3976
4403
4509
8403
6975
7025
8256
1277
7688
9913
5312
137
119
3865
3392
6795
9368
7477
2500
7597
6360
4254
2663
2621
562
886
8752
1055
9743
6519
2997
479
3506
307
1883
8835
5986
2151
6488
1639
3805
6606
4414
3431
9742
3748
6141
4189
5658
8978
7543
5589
7907
6747
3134
1649
4437
3034
5543
5096
1337
961
5312
1461
9716
3071
6474
1567
1461
8070
9103
3952
3752
7479
9527
5513
1431
5207
8637
6698
2633
741
8267
58
264
4134
981
8340
4352
9176
9650
7079
9493
2977
3415
7770
1019
4987
9442
2699
5878
2208
4146
3558
4444
199
9025
8836
8067
4522
9457
8068
2424
6683
5037
4779
5814
4166
8543
6211
7716
667
3491
6975
9707
2907
762
7077
2221
157
1074
6481
545
1519
4739
1755
2884
7851
9766
8383
9507
6911
4724
1877
3363
9198
5031
498
3497
6192
8383
9014
5542
43
1797
7474
1923
7664
1259
3374
682
8267
1020
881
5016
8970
1864
7843
7440
9803
294
260
756
9658
9340
4310
3814
4781
5661
8890
4081
1194
7399
6863
2378
4394
7691
8323
2232
1542
4254
5815
6438
456
4741
4000
370
2006
5117
7415
9335
306
4099
7066
1983
8303
4658
9027
2202
8272
1889
7832
1817
972
6957
2597
965
2018
2596
5701
7889
5014
1488
2390
1751
5670
8159
3962
432
1683
7540
2236
2804
2014
795
566
5023
4259
429
2326
5287
8577
5199
8807
4697
2635
860
6062
8817
8398
1073
2727
6640
9819
7565
7443
4616
9361
6369
2997
7867
8021
8067
6478
7308
8037
3592
1945
7447
7112
2478
9839
963
3627
1388
5748
3073
2592
9550
7286
1506
8347
1987
3777
1694
4902
6162
3830
1962
4726
1819
4352
7547
5361
1209
5669
2805
572
1075
9227
7706
368
7064
3993
754
2830
4224
9666
2570
6808
1252
7682
4152
8878
1620
5261
7297
7417
4489
9879
2075
5333
8570
5345
9572
5081
9888
204
3748
4492
3833
8135
8249
2272
7921
7762
7127
6954
9651
7216
6351
8353
7930
3117
6768
8888
2416
512
6249
120
6328
9757
3641
4720
9590
138
5220
2043
4493
8857
4634
3036
9086
100
6097
5705
4048
6685
6351
2174
7295
1204
2875
1248
8827
3020
1113
1477
5686
6906
5795
6339
4377
285
2516
8720
1326
2394
7530
8824
4113
348
3757
9694
5098
7930
1786
4705
4070
4201
5059
9934
9221
2850
6877
83
6161
1210
971
3552
1123
6154
7059
3434
5409
5993
9361
9761
1804
8426
6061
923
805
7123
4992
571
4779
2209
3257
8114
9271
6959
2716
571
9704
7570
454
8794
5300
9118
5687
1239
8227
8514
6557
6926
2392
4768
9013
5769
7510
8106
5671
4840
4487
4700
9205
8326
1922
2356
8465
4968
9611
412
9578
6925
6005
836
2220
8856
9467
9265
4705
9722
3437
7421
1280
4680
3032
5265
4066
3564
4033
1482
9229
9905
2139
6889
162
8224
6904
1317
8736
5960
7727
1903
2213
8976
3949
3842
1703
2027
2381
1870
9821
4134
591
7699
4873
6393
8360
1661
2472
1675
6023
2683
884
2369
8767
6789
8598
6516
2875
3116
1202
5508
9761
5116
30
5062
294
2655
8695
4621
2305
6020
6731
3628
3476
9838
2648
5672
7769
6069
9934
2869
3174
6982
4144
941
2445
4031
9900
6130
1058
7768
7110
8956
5789
5130
340
7247
1968
5286
8536
2063
5047
2758
9095
396
7598
914
3666
9209
7834
9320
8108
58
7480
6338
4035
3463
6944
4777
9190
8152
504
6013
6719
8483
7663
3754
857
6599
2624
7280
8304
5655
3071
2608
6725
5930
3550
8086
694
5165
1909
8335
5934
2292
4444
8983
5506
5860
448
3314
2479
2334
7889
3640
7585
8724
7075
888
8415
4197
6440
8517
8872
8844
1549
6800
1776
5560
3350
6687
822
3005
3709
6504
8372
8810
2660
617
4465
1108
9588
9000
807
6645
5637
7193
1499
4959
9624
6416
9454
1520
312
3724
8680
7165
5007
6251
6128
2553
7593
8732
3564
1026
1527
9827
408
152
8838
2910
3018
3947
9346
242
5565
8547
4470
8131
4308
8527
5504
8706
1823
3198
7590
2897
5220
9059
4068
4289
5728
8895
9906
6487
8882
3852
2144
520
5388
929
3071
9255
2961
2008
4916
136
6657
7727
5048
6479
6191
3471
6390
202
6653
4562
2721
7315
8232
8022
5357
4303
72
480
6496
6285
4341
5143
26
4307
2461
6223
3628
2565
7110
1850
6864
1244
9345
5877
4912
3833
7264
228
1011
5913
6223
806
9115
5503
9264
7311
8887
646
5434
9399
9776
5963
7922
170
8607
9613
2900
7395
6247
561
770
2609
2396
8501
322
881
7354
7483
9191
7501
1773
9202
794
7602
9239
1273
9209
3557
5628
8783
9852
5993
2989
6134
5365
5248
5416
5633
2347
2521
8153
2858
8892
4431
1965
6283
3600
9103
2278
2882
6971
7369
4268
3222
7324
2390
8882
8838
4301
6987
822
8512
3029
1746
5183
3694
7691
4284
2853
4318
100
6446
935
5067
5331
8938
8426
7841
5796
9955
5216
7300
648
3052
3867
8185
5885
6321
9839
8091
4017
9669
382
5853
8071
2644
3221
9526
3020
38
818
6798
1547
3103
5480
3481
4388
815
6800
123
6628
407
9889
1521
2650
7197
6255
6206
3476
7548
6065
1148
1682
302
9704
1325
394
886
4369
593
4181
6839
8631
9099
8093
1221
8808
4120
3369
1605
289
8471
3823
9107
1239
1057
7225
7253
1785
2625
4056
3801
5509
4320
4164
1246
3829
4048
32
7261
3603
6066
4736
4459
5628
1221
9418
148
789
484
7245
3561
981
3654
2949
7544
8095
2216
1033
6263
8025
112
1419
9334
6264
1369
802
9937
2917
5492
2662
9159
9602
2279
3382
2234
4845
847
4416
276
1605
7069
5433
8266
2735
4947
6273
934
1231
7862
988
8701
4752
6412
6490
291
3435
9304
3805
3952
8866
8804
4560
3339
96
4685
6244
9906
8457
5907
9840
8520
6725
9770
3608
2976
6483
1710
9148
2278
8950
4917
7233
1871
6069
7531
844
7014
9534
76
2287
6443
5019
524
4489
2377
9321
446
9117
6685
6924
6271
410
7207
3940
6947
1389
6140
6305
7410
4605
2784
1680
9204
467
7136
1378
6834
5590
4916
2276
9380
3925
9457
9096
1862
6531
4517
6449
865
771
2738
1362
7656
4887
7232
352
7152
6631
8084
1984
9105
6897
730
8449
3380
1800
9825
5638
3084
5015
7300
8652
4022
2038
7404
5073
2590
2613
8265
929
8413
5593
8759
4718
5106
2924
9886
3520
8045
9248
3603
8308
5553
8454
4352
8401
4971
5904
6223
1821
473
8231
4119
1162
9948
8715
9104
4440
364
5686
6903
9897
3323
680
1012
5965
5571
8750
2713
5869
1563
3283
3544
9123
3858
2838
6070
965
8310
1845
5762
9080
6696
9352
5029
6847
1265
681
7443
51
5405
5965
9855
8498
5685
5897
2161
881
230
7500
1398
192
6244
7565
6336
7010
8276
3054
6044
5781
7740
1629
1908
4434
3556
1442
5850
3256
3809
5230
4082
1234
6440
7115
4509
9415
6379
4781
4366
9830
4351
6218
8726
7336
8379
1386
7123
4563
8761
5162
2068
9600
3883
5799
9665
4516
4761
6888
2152
5402
9251
3996
1860
2663
763
3144
5165
4041
4746
5128
8392
1715
9236
2056
41
5461
8338
8836
1979
7981
3308
5969
9158
6164
9634
3979
5410
2143
7772
4672
2268
9982
7610
6912
4845
3828
5452
3409
5095
9634
9954
9607
1788
7221
885
8252
5887
6086
5794
1861
9917
1418
5636
2220
744
4879
1777
2980
937
246
7706
2324
5444
276
780
7861
3349
950
16
7067
5677
3937
2137
3803
2148
6833
8343
1899
5961
9695
5349
5335
3157
3785
4249
9110
9176
6737
4958
6578
86
1277
3014
550
5885
9722
8292
7575
4177
3996
3769
216
4459
3555
2009
7453
4288
6131
8059
9165
8734
2138
2665
982
7989
8636
8081
7278
5784
8531
5511
2040
9685
9051
94
5071
3052
8064
825
9790
1560
7304
4238
5447
8290
5819
9143
4657
1545
6498
6042
7578
6144
928
220
4310
4150
2800
8636
8648
4562
1200
8085
1990
7039
5115
5170
3873
781
9770
4160
3216
1516
6987
9442
7226
3981
21
5134
8784
837
7336
8697
9743
6343
1008
1561
1638
6026
8764
992
6230
2765
3366
5161
7303
3865
235
4328
9708
6295
3504
6022
6330
8360
9588
1703
4036
7648
3603
3970
4031
4258
7280
6374
7134
8514
6814
1301
6556
3345
2243
5152
8918
4410
8915
8523
4151
6519
2811
476
9657
8317
2557
5727
3205
6822
5746
5779
9127
8593
1583
4318
637
4679
4382
9592
8184
3564
4917
5004
1828
8355
1657
8134
4776
6212
2463
9372
9585
3885
8038
7354
4640
4086
8904
8983
6193
3625
6334
3862
6499
5304
7123
1654
5019
9425
6863
2439
7131
1661
8052
5037
5840
4061
1460
1867
6876
7065
7401
7146
531
5824
8997
7565
8733
4935
1540
1647
2329
4308
5291
5353
5032
4566
8599
3355
1949
2482
2279
7989
6212
2636
7249
2401
1531
9411
7934
4749
6933
7712
3090
3925
5901
1908
9771
1429
2597
7871
6965
462
2848
3546
1530
1771
6872
1078
3089
8761
4933
333
2899
828
5532
4077
6440
981
3153
2350
8042
5816
1835
1900
1755
9041
8940
2531
7164
482
8432
4886
8045
5788
9477
672
869
1647
8828
4569
8801
8507
7398
2551
15
600
249
9958
160
4168
2091
8193
9586
8275
9298
3361
95
9506
1605
5912
3958
5056
8402
161
4602
3228
1559
8742
8316
4738
4888
2128
8288
6945
9291
7763
6471
2430
7760
3300
7981
4149
2221
7607
8186
6617
8581
407
7257
7635
4370
4598
5085
5881
2284
6318
3045
3266
9672
3247
5004
5703
4728
6832
8387
1782
4118
9713
932
3027
2986
7991
8521
284
8042
9506
7895
8114
6536
3233
1476
9777
2643
3713
3605
5564
6191
4604
4990
7976
8899
70
9095
9186
4569
7635
1751
8221
9460
4676
8665
3780
8278
6124
3007
7877
9467
3934
933
819
2206
271
8371
5114
4837
9130
5189
193
7059
3181
8725
4066
1008
5160
691
1194
2688
6450
3395
5567
5051
396
1973
8063
3517
1655
7384
8357
6657
2909
2206
7816
2849
2987
827
2154
5979
6136
7796
2338
4158
5327
3669
8027
8861
9129
8939
2628
866
1074
8731
4224
9040
6205
5172
4236
8494
140
1999
3287
3627
8591
2096
7226
8357
1612
7180
9338
5818
6451
3460
9219
3686
4451
3023
7921
4831
7831
8771
7806
369
3606
9495
460
526
4121
902
1126
1482
7953
9395
4752
6963
5277
2914
4455
3332
9117
9610
236
5823
4181
4228
7397
4045
5953
3741
8537
4049
3690
1123
6277
5636
8529
6197
6668
4570
4534
5322
6211
845
1097
1718
6517
3434
3561
5401
2401
3870
7183
2704
8246
4625
7434
1162
8908
6060
8934
3422
743
7443
3434
3630
7326
3681
5646
382
3372
8062
8673
4124
1944
1147
6727
9436
8867
4584
4561
8390
7038
8352
4231
8011
4824
1641
4494
8859
7215
4663
4669
6242
6786
4295
9124
3894
6008
6444
5699
8560
5419
4788
5881
2872
9520
8141
5956
6746
4052
2691
8052
5193
6333
2316
6690
5612
8916
3466
405
3026
3301
4449
330
1898
1237
5525
9870
7638
5754
6185
8686
9199
8358
7738
92
1854
1751
1127
8290
590
3519
6208
2762
1098
6180
1916
593
2989
1821
3408
5055
6394
1566
6670
8815
7287
9510
157
6339
7528
8566
5679
8919
3967
5531
1726
9462
9547
6427
8741
5207
1521
6339
6750
9042
3972
9331
8523
2185
7427
7192
7396
226
2266
5392
1084
2366
7066
3384
9886
762
8896
6028
4467
7308
9326
3769
6005
7846
5603
5508
3536
8194
3659
5917
4308
7758
4114
2330
6932
9410
6682
5189
2679
836
6244
2965
6385
654
1751
2152
7767
962
3051
3953
2405
1894
5905
4194
2143
7153
4277
8061
3584
8518
4062
6568
2204
960
6940
5365
4721
7110
5449
2109
8364
5399
4828
4361
2201
1230
2976
5712
1619
5803
1817
3415
2934
4898
5527
1924
6392
8822
6351
1356
3781
3232
5701
9066
2434
5527
6334
1115
3473
1538
3908
1799
1500
1165
170
634
9790
6301
8242
9515
2312
1673
2114
5380
8786
5691
1167
6209
253
4329
8565
6475
4434
965
5904
7594
3980
5991
4447
2234
5016
8580
9384
2793
2981
1128
6484
9694
7621
7381
9197
2579
2063
9321
2676
6169
9270
9822
2900
8026
9950
5622
1752
8951
2499
5909
862
6546
8444
7412
4351
4744
8895
8492
8140
5499
5951
9187
4506
7253
7018
6334
6634
7123
1241
1977
7653
6119
8709
4987
2788
3207
9838
5810
6109
9084
5079
4331
6015
5866
31
9089
2017
7951
8487
6644
7332
4651
7810
5419
8314
7569
5604
6481
5407
2968
715
8363
3595
1806
246
5257
9456
2244
5500
9937
3232
7326
8107
6437
2746
8733
4637
4861
7431
7279
6136
565
640
5555
8714
1597
9163
7364
8585
4192
3266
4136
4979
8993
1445
4352
6725
7001
6633
7947
2085
6388
213
7626
5637
8698
1497
9307
3262
8171
1620
2304
9021
5876
8637
1317
4852
7086
5724
9767
9081
3568
9577
7721
3746
7282
5999
824
1301
9892
9924
2591
1853
2234
6232
5078
2453
2361
356
7962
7911
5445
2931
7557
8531
9305
2062
20
2180
3492
8574
6962
1967
3006
8025
4337
8514
5225
2521
572
6316
9284
1047
8635
8276
954
785
4403
3334
4273
9114
673
5826
6809
3930
9704
8207
7591
5083
8168
4042
4739
6315
8028
4119
9907
3582
3743
2873
2501
2125
7108
8533
58
1337
5813
1158
4293
984
2639
6160
8908
1322
8626
5200
5491
7126
5533
88
146
839
6405
4077
6321
7910
4235
9949
6354
7461
5197
4529
5797
3879
9532
5971
5977
6824
9716
1543
9923
1699
5095
6448
3977
5751
5664
6602
321
3117
3168
5741
7667
1270
8516
77
5073
7995
6881
8970
9206
9280
9801
296
5423
3047
2619
4588
7156
2718
1120
7630
5678
9549
7650
4695
4062
2342
6148
8597
9311
6259
6024
5740
113
1747
1695
7113
1525
1090
9397
7060
1434
5727
2089
5985
8441
8944
9200
6755
5226
9299
3133
2047
1021
6247
7987
111
1846
9432
3565
3714
1722
3831
6760
1874
6607
4373
8145
4933
3089
413
7527
1743
6539
4460
7497
2279
9168
9023
2894
4537
9218
6901
5285
8079
9442
2879
2028
6347
4094
9499
4269
4441
5583
1973
8887
3359
5932
6598
4839
429
6456
8040
9219
2055
2511
1078
6355
717
3558
9116
6008
5991
3585
6307
8120
6171
5414
7047
2259
3560
4336
8026
1773
1947
1206
6501
4358
6107
7060
633
5470
3852
3691
5049
8616
9872
4119
6918
9494
2335
3857
2203
1001
9569
2306
3702
8198
2613
8957
6125
4804
7042
1687
6456
5592
4422
1986
4501
75
5404
8582
8511
5470
7257
562
3478
9932
4901
2153
7484
1148
2371
753
9038
348
6550
1592
8502
6885
2917
2163
5752
9086
9656
9800
5567
3536
4923
7102
3197
4461
7798
8032
2609
5220
7534
3468
1195
1951
5470
1982
1262
8026
6944
2047
6190
8840
6035
8583
8856
457
4245
2790
1235
8906
1475
3749
6224
8100
653
3081
3151
7030
864
3456
5800
9940
1026
3442
4992
7062
3355
3280
605
685
8836
467
4555
9934
1942
852
9119
5339
5558
8567
4990
6783
762
6277
4392
5812
1424
2320
7713
7198
8320
4807
9696
8207
5074
7932
3804
5586
190
6179
5150
478
1736
9076
6420
9968
5403
7600
4064
6357
8862
1428
498
6803
216
4685
5765
7334
1377
2316
620
9007
165
4781
7366
3901
1221
7075
2207
7398
8890
6178
1615
6993
9712
1551
1654
7411
6803
3083
1880
8133
9961
6673
515
111
6817
1924
7854
6932
4309
5946
7720
6385
9060
3973
202
5273
3784
9092
7629
3885
6669
2357
1464
5258
7020
8385
8764
5638
2424
5298
9418
3552
8466
3762
8172
1182
6696
9485
8120
6214
6498
3205
9672
5427
9598
7142
5049
7924
2897
4643
256
3997
4322
7165
2072
1912
7686
7535
4014
3987
3544
2764
9723
8044
7652
1636
1020
3383
7549
9970
1267
1287
3437
3271
8548
4299
554
1439
5250
4327
9120
6684
4474
3525
6502
6017
9157
5017
6750
7248
4948
6763
7648
802
7384
9656
37
7612
2591
8669
633
1985
3753
1462
4791
6423
1948
220
8417
4468
3450
2817
8965
7691
2402
7456
6256
7319
6694
7028
3843
5472
2454
1805
159
3562
7836
9651
1841
6191
3062
4466
6100
9579
9855
4307
4593
62
1056
8565
8002
876
7246
2548
4329
4084
9663
4877
2726
8189
5949
1078
7707
693
8441
9267
2736
4711
650
1327
7502
8722
4747
3939
3886
5689
4679
8073
321
5160
3754
1840
9988
6091
4472
7661
856
9961
7652
5903
4772
3523
8387
4851
3557
6637
1649
258
2914
5573
4663
4375
3411
8729
601
1342
1992
495
3390
2230
9683
1588
9482
5484
4641
2343
3564
3935
5398
4661
2996
8602
153
2597
1608
4677
2783
1578
8928
4423
7282
8657
5264
8627
5248
7847
8367
8891
4166
6017
3829
1616
2936
5859
8155
8438
2563
8190
2997
6231
3677
2549
3324
4740
7084
9508
2975
2116
7001
6329
7678
8170
1700
6423
8773
7190
1656
5334
2625
154
6497
6302
1
9763
4558
460
9359
38
8413
9801
1400
3239
9113
5544
828
1396
6489
1593
5475
2411
3383
5332
9766
3878
9786
908
8463
408
1429
8766
7773
8747
1587
4370
4897
9442
8926
7037
6173
4942
5883
1839
1637
2785
2451
6791
4108
5541
8625
5358
1706
3611
6763
1940
549
6965
1577
9726
3840
1403
7127
8873
9289
3963
6118
892
9752
8115
3648
4356
4608
7439
1086
7557
4716
7472
849
2141
3171
7584
6618
7247
821
86
1713
3493
5334
4494
7570
9923
1349
2962
2142
6910
3884
4128
8249
1412
8156
4025
7460
2665
1845
4140
5057
5303
7779
917
9103
2119
8678
4271
4483
8505
6769
8903
3293
82
8075
6932
49
535
1961
5991
8111
1468
4172
8815
966
9287
73
4243
3752
508
4690
8654
8165
8143
5850
4674
6689
6067
8195
4333
2284
4409
705
3947
6717
1051
7052
1188
2151
5410
9069
366
7665
5628
7946
8874
5680
6097
9870
9204
9615
5181
593
9070
9114
9780
1506
3934
9419
5561
3160
5898
2834
6227
8057
8072
837
4798
4564
3840
1458
3946
1898
8427
2869
813
4168
2839
5641
3618
1044
8074
480
4507
289
4992
8588
2471
1065
8449
2750
5481
1541
7211
8377
8900
4105
6839
1876
5546
593
4429
2447
2495
7277
3540
5086
4336
715
1983
6533
3703
5267
5343
1461
8450
8423
7024
8930
242
2247
4616
9349
3580
8735
1953
7262
7521
2709
1136
4955
5368
6373
4623
4715
5251
8284
7232
2428
8662
5520
4787
4051
3932
2580
8422
3191
4129
1885
5659
3130
8666
683
1233
8658
6694
7527
3881
6626
6525
1732
1688
4251
7238
9719
8908
4750
3198
6316
1287
1026
357
5793
2761
581
9597
9916
176
970
8312
7121
4195
3318
3975
1332
8046
963
6173
3245
8504
9100
4163
5759
5465
9405
2711
3607
363
2388
2436
4529
9062
7507
8631
3233
2699
7274
1753
7639
6680
6836
3586
5267
3000
9621
6708
6072
6260
1155
3769
9352
4235
953
5987
9755
7376
2733
5300
5958
5288
2134
5614
4026
2140
6987
6969
7035
4564
6139
1580
5114
4541
5984
9805
4220
7777
5173
2884
6182
9471
3572
8440
1870
4867
6865
1120
6696
1162
6477
1488
6492
6858
1039
4858
9849
3893
6976
2735
1037
5721
821
5919
3710
3419
880
1517
6721
9094
4777
3888
9606
2481
8814
4624
337
5940
2516
4485
9304
1603
9231
879
7801
154
472
8159
4791
3136
9197
8662
9261
7562
5745
9146
7803
4978
677
1763
3392
3766
1622
5462
7293
4286
1205
142
4511
107
3728
3475
8420
3719
8927
4348
8619
1530
1967
5298
3496
7957
2754
7437
6459
6912
5893
7350
7909
6130
7895
4316
467
8002
4983
3570
2018
9869
4559
1471
7801
9607
2320
7088
6501
3719
8259
1659
8967
6770
6969
1319
522
3433
4541
5201
2945
8277
1451
449
9535
9912
6563
5172
532
7630
6220
7230
5680
7381
5110
558
3803
1417
7615
5771
7396
3964
7307
8897
9921
5255
9689
4051
6542
4
6014
4878
3076
822
112
7519
7790
2866
6990
9269
8267
4590
6881
8101
3728
7380
5823
4934
8823
9857
8104
287
4190
8100
5052
5832
322
5168
8922
5450
2950
2237
6391
4358
3932
3175
7028
1523
4180
835
2745
8146
8192
8230
7146
753
7248
8322
9764
1682
2076
4083
4959
7087
2251
9345
8305
1357
4586
9507
8027
2922
1183
3458
5298
1469
9279
772
3951
3075
3111
5145
5668
4744
8701
89
1950
1842
5008
7563
6737
7000
8865
7073
8555
8200
3402
9974
9605
6249
3190
5835
2244
3777
470
6780
6229
3890
8523
716
8974
1539
3814
2684
1840
986
6883
8238
1455
1926
5208
9331
9914
244
500
2121
8692
1750
6838
3805
7286
905
8830
1487
1658
1928
1776
8505
6814
9090
2496
2509
9889
5787
876
415
4436
3825
3531
9888
9027
4098
4749
8375
658
1957
4932
994
9039
9548
3032
6698
8701
9125
9223
8908
5163
281
5753
7743
6853
2613
6667
821
5617
513
1078
3533
2631
7653
3874
7689
2522
4280
1642
120
7373
242
2456
50
8844
3222
1749
4997
7241
6002
2724
1131
3184
9019
7840
170
582
7055
3007
9039
8752
7779
385
8449
3113
1209
1449
5800
9784
7192
3004
1317
6541
2510
2373
2244
9251
3715
5399
1313
2893
7160
6400
7645
4881
9720
2876
222
1704
7053
8
8922
249
5554
273
9476
9216
124
9518
4782
9383
8619
3262
4831
4278
1499
6384
1084
398
8940
4527
6214
659
8126
1953
6750
9687
7956
4738
9880
9550
5273
1097
896
3998
6547
6112
3214
1224
3285
605
71
338
2576
7961
9811
9881
2051
2906
6527
1130
3700
2249
7022
5457
6147
3077
170
4946
6516
1505
2580
6085
929
38
178
9112
8092
5669
8691
8231
1744
7405
6617
1361
6817
682
4315
9327
9454
4028
5378
1806
95
4998
6125
3682
278
8821
4708
5290
9026
1049
5858
3046
622
2859
564
1393
8921
3854
6522
8356
2300
3040
3412
1019
2681
3208
4353
3129
951
5676
9518
6051
5045
7644
511
4304
5414
8870
5650
1359
7312
6171
7868
1822
3785
9792
6446
401
4470
7830
4575
5280
6668
4419
1611
5828
8806
9226
7466
1826
5794
1131
2569
138
8953
639
7352
2591
8414
441
7424
1467
114
2128
3831
9436
4504
2730
5140
2721
6197
3181
7449
554
9355
7854
1231
1744
4348
8606
1649
9660
141
474
4029
924
9780
8194
8212
6636
7338
1051
2009
4667
8367
2070
3096
8261
3017
9229
2262
9773
9354
1080
7088
5603
6043
904
9922
3909
5747
3803
9136
2746
4163
4345
3738
6030
8026
8078
3517
9305
9195
5753
7511
9556
6496
581
7092
3617
733
8447
6379
1916
7131
8409
3946
4776
8343
9316
4572
7919
736
3389
2873
1460
8671
4042
9781
6517
5523
5076
8632
5270
3534
3430
3137
2286
4867
1529
8120
8489
9408
564
764
7866
7993
4225
584
1043
2453
6762
9198
4808
5659
4473
3634
7677
5231
9010
3040
139
1230
7790
2661
3277
6434
9449
393
2320
3087
3813
8771
3935
2147
1447
3271
8623
59
2317
1104
6941
3204
808
1514
6721
5804
4889
8950
3463
1208
7405
6318
5052
6017
5280
9599
4646
8866
1996
350
6195
5873
4852
2306
4590
5780
5254
2114
3143
3374
331
4370
8934
1732
8799
3812
2599
1656
5209
1476
2926
9126
9927
9375
9691
6378
1649
1057
462
2734
8569
3936
2932
5588
5259
2413
4571
4461
9877
1432
2475
642
8017
7875
93
6606
6882
7075
3066
2327
4556
7980
2978
6673
2754
237
8123
357
770
1319
3301
6802
4708
1697
4562
4130
6461
1376
8249
5464
5172
9135
5236
2207
2260
1132
7216
3817
4443
7994
6085
9122
8715
5229
2182
3634
930
2634
9261
3497
8296
7522
2535
2280
4471
6745
4125
3132
8927
2067
2477
4852
2168
891
5530
8748
6458
5528
7987
4913
9643
900
5012
3043
2223
6593
3782
1293
7298
2187
7116
9317
9341
3605
7456
6023
9844
3823
4925
992
2004
7193
8716
1328
3646
4468
8709
7592
388
663
2122
5348
2704
1565
2653
3295
4118
443
905
2199
3778
6138
6091
5556
1730
3387
6706
4933
7762
5741
8834
9025
1153
2794
3981
9257
8444
9975
622
9345
6569
5409
3525
6
7670
1970
3832
4128
1423
8066
3803
5438
3491
829
8118
5084
7249
7106
8796
437
1870
4093
3711
6495
6333
4821
3256
994
4639
397
9285
8408
4546
7991
3519
6443
8557
6855
322
286
2336
6102
3479
9463
3372
4212
8991
5347
8816
794
5502
7558
8916
882
6826
6076
4122
4312
9156
5168
9389
5224
162
4810
2660
78
4517
2550
8295
4583
1757
4014
31
9357
2800
459
6781
8358
1232
9578
496
3669
4707
5555
9158
19
7477
6405
2454
9219
8671
255
10
4577
7616
8306
2842
34
6089
3647
4817
3715
490
6954
6612
6495
4124
7440
4903
2377
7552
1119
6318
3768
4323
1473
6435
3778
7008
4641
9228
7872
357
2696
9504
5222
6918
5507
8127
812
8558
9295
3026
6228
2363
812
9781
3683
9737
7012
7073
5864
5921
6467
6292
5854
5621
3881
1492
9449
8512
2624
8190
6736
6426
6141
2359
7938
8775
1263
8670
8737
5965
8163
5235
5304
5639
5912
2974
8337
4121
7755
4546
5797
9954
3506
4840
9216
2649
5437
4973
8919
7162
154
7499
4965
9881
6267
4213
1535
1591
7555
7950
9258
3449
204
3911
7588
7628
6534
8475
4159
998
2812
5293
4174
3025
9585
6191
7658
1142
9344
3675
8389
9241
5671
5891
2105
8109
7616
6483
1037
6830
5223
9122
4896
406
5179
7829
5913
3416
5771
9329
6382
8297
3633
2826
9032
3084
7808
1992
2734
5652
9201
8901
3037
9213
5872
8213
7158
4134
6277
6108
1523
145
7236
8865
947
9303
398
5724
3858
1270
4427
3852
4004
8152
3099
4456
6248
1270
741
9804
6711
4400
9508
637
161
2241
1790
2655
3706
7471
2879
2913
9247
2961
7883
6231
1190
8129
8646
4379
5561
7459
8755
8386
6755
2606
985
5461
1030
2039
896
9597
9591
5583
1279
663
4289
4928
2432
7483
5356
3124
1323
8188
3433
4554
9143
1184
595
5813
8517
7
1226
1844
8736
3467
7740
8746
5692
8012
3059
659
8550
3381
801
9022
8299
9880
4190
38
9149
1435
4900
4999
491
9943
6001
7460
4056
8924
6165
6879
3876
6163
5229
4073
7983
8252
1277
5060
711
5701
738
3426
1658
4940
6860
6290
932
587
3615
6540
592
9897
3746
1797
683
122
9608
1023
9357
1017
5980
8170
4281
6222
8635
6175
1498
3231
198
3819
5870
3883
3130
7406
1905
6103
5607
432
865
3897
6490
7664
4200
6242
9447
9351
7880
727
3680
6468
5402
1907
2688
6165
4236
2426
5513
2990
2658
4631
8921
2989
9670
2250
5365
2647
9773
3356
8876
3854
1071
8987
2711
8441
5865
1156
7638
3054
7756
1384
3989
9845
5517
8035
3464
1301
6659
318
5854
2392
3082
6168
6595
7823
2077
5257
7153
2075
4476
9068
1594
902
5266
1419
7
2512
4938
6544
2453
5088
6954
9615
8917
9381
2114
7890
7666
4786
8236
1327
6330
2873
5372
8045
4073
9685
4806
7006
1320
4716
8826
3021
1368
6010
3990
9784
6396
2147
1638
3799
849
797
3200
6444
8410
6289
6310
2814
227
3529
3048
2684
6597
6366
9219
1981
3379
5163
3618
3331
3487
6327
4465
8988
8707
2545
3552
2457
8299
4707
203
3268
4515
9915
7434
5145
6536
4788
3811
2609
5709
5984
9765
2789
6742
3314
2764
7210
1704
4478
4228
6465
9864
6068
7509
377
6601
2062
4975
9392
4512
9005
9599
9884
2202
9764
1846
5891
2063
3501
5863
9558
1828
2417
4269
9893
1757
526
3363
5511
1434
9207
2470
553
9741
4148
93
5839
3110
7296
4581
6457
7539
5658
8252
833
7835
6697
4967
2597
3337
2351
241
423
2834
8877
1434
9814
8993
6689
7578
3691
9717
1244
8864
8771
239
6374
5551
7023
9497
3059
335
1002
2261
4141
9614
9886
1454
8545
4274
877
9965
9088
5190
3874
7737
7332
2030
9459
6756
9792
3910
7446
9190
2291
9578
6304
5265
4716
5457
6242
6349
4250
376
4185
481
1613
8038
5163
4381
4661
1074
5859
7082
1068
2191
3495
6933
1880
1488
9516
1454
6824
7574
1913
4276
363
8431
8859
4305
72
1278
5884
178
8379
6869
9649
4663
9292
4024
4196
9477
6867
8926
9464
443
5051
7245
9126
8333
2515
4946
3830
8823
1173
5815
3815
8763
7349
538
4443
6945
2067
3909
3015
4629
4295
1256
1414
8676
5978
5922
1467
5468
390
8611
5074
4907
8553
1308
5471
3385
4935
6085
750
5716
9695
9510
4812
2166
6338
172
182
2434
4097
6073
5321
2402
1249
8276
4011
4868
2926
434
9539
1002
2293
2854
1634
3633
4466
4330
3932
6154
7484
526
6649
5521
1147
3156
5169
2786
3685
3645
5544
2989
4159
7601
9132
6239
6034
867
8853
6388
2981
866
8425
3239
7387
5509
3361
9072
9935
2522
2593
7720
9639
4508
9030
128
1325
9484
4365
3780
4396
5252
6177
910
4889
3473
3584
1406
5972
3572
228
9087
7093
94
5150
9754
686
6197
9245
2283
7705
619
9105
5504
5885
8733
4621
5030
2109
474
8943
7687
2391
3408
6543
575
5454
3131
7144
8088
7686
4459
2890
4124
8967
6913
6929
2114
288
9973
5125
4799
4240
2379
3454
781
572
3126
2257
6216
3483
4477
6316
4146
8107
861
8307
235
2533
3452
318
1563
3716
285
1809
7928
2848
1046
7440
1364
7682
6455
8101
9035
3171
9270
5941
4059
2635
9580
6698
4224
3455
325
6190
1035
4278
3143
784
6265
6081
6362
8586
5745
9843
6359
8205
2881
1758
4907
9548
5287
7949
6847
8037
9346
5712
3176
1313
7442
3303
426
6821
8001
3831
7925
7228
2909
1521
8079
7352
8726
5082
4040
4678
9157
6009
9952
3169
2740
6212
4849
446
9881
9247
4887
3094
1473
3298
1375
3886
6898
5546
1205
5749
6687
2292
9988
1591
4657
2218
103
6744
3643
8713
1602
2279
7487
8095
4732
1116
7390
410
7284
4624
586
466
2016
4460
1264
4486
700
2047
80
5332
1287
660
8563
8643
3982
599
1044
8348
3
4442
7358
999
5911
736
4271
3877
8034
81
5912
1567
4804
215
8324
1029
1711
4113
2908
7308
2234
771
1459
1598
5944
2280
8627
7921
7035
9237
2351
2912
3110
517
3394
8836
7398
3768
3754
3770
4609
806
556
9554
8339
2416
2873
4417
3556
9527
5433
9333
597
1295
1538
74
6553
7941
9956
4940
5208
1556
8475
5963
4038
719
9535
6534
4021
8406
8820
1320
4289
3889
7026
4946
199
7513
3092
4694
7532
1096
636
243
6269
1392
4583
8532
6365
8639
5334
3766
9035
4184
2975
2144
2949
840
7125
6149
3495
4499
8946
5875
4680
4560
4918
662
8854
4261
9676
9707
9270
5258
3631
5686
8143
2685
2363
4612
639
7552
949
8216
9244
1819
3546
1123
2540
4922
9278
5928
5249
6945
2616
7805
9133
5615
574
4426
8184
6874
2902
3325
2654
5761
4024
5499
2302
8455
9556
9804
2377
8488
8776
3647
7692
7701
2649
4661
5819
712
9429
1467
1368
6997
852
1138
8757
6260
1004
6895
7860
9550
455
8552
9492
2502
536
6650
3134
6968
6647
5186
2145
8950
2796
8552
4917
2877
6017
780
3330
2079
3120
69
5800
9692
3561
4735
7965
5707
1553
4394
9570
9749
2971
8531
5958
7699
622
5481
950
2046
8900
1184
4157
7523
4473
843
535
7132
8351
5416
4595
6288
5356
8693
9875
7953
6532
6498
1714
9911
5645
2450
999
5527
5408
30
266
70
6392
7293
3042
5014
2527
3341
9950
5493
7205
9535
2758
7437
7965
3747
5868
8009
7097
1207
1238
2838
6633
715
6737
4955
9524
2786
8005
1127
9012
1430
6787
1750
1183
2717
8232
9154
5145
4063
6470
5452
2439
5933
5606
3584
5957
3955
1623
3667
619
4923
9985
4117
7998
8220
425
1093
7656
4890
9978
3279
9471
1107
7189
294
4653
6564
6962
5388
9409
851
4710
459
8817
947
4560
6501
7931
8459
8457
7502
1516
3480
5650
2260
4410
2335
2084
4025
2180
5689
565
9992
6588
7229
8841
6760
571
8748
6279
2885
7460
4176
8726
8241
4936
5084
3004
7810
3620
9829
7929
4573
824
7475
1506
4760
2597
4616
7865
9285
9034
9476
5378
3280
7622
7392
1828
6133
7654
6145
8248
6470
4116
2391
7219
2986
5643
5475
4547
7680
3518
2855
2660
1804
4009
5451
2218
3802
7403
4874
3382
7763
6725
8915
3355
8693
8059
5571
3622
8439
7340
1065
2677
1632
2265
6096
7676
2849
8188
3189
2261
4429
3969
9896
1043
4667
6054
1302
6310
5022
4215
7992
4882
327
1907
2937
8640
9637
9939
5395
1126
8919
3562
9470
4651
2800
2977
8314
9946
1172
4507
1485
279
2530
3589
8284
6574
3039
9230
4129
303
5815
2107
8378
4555
4799
4603
6659
1557
4418
1453
4993
684
4536
3643
5790
7786
5439
9986
3911
5226
1109
6281
6937
9478
898
4996
9394
8328
2334
7233
4478
6533
9696
7153
8435
3028
6084
8499
4112
8584
4521
9295
8553
7720
5290
8858
7373
5153
5077
2855
5421
4822
7629
6459
2036
4299
5037
4683
5491
4983
4385
8015
5479
6157
9828
5890
6374
3916
1996
2273
7037
2847
3108
8388
2472
493
4186
9469
6846
9200
755
7011
6206
7466
3326
6388
7148
5504
8666
537
684
6174
4792
287
7759
3440
1900
8460
4141
9114
3716
8019
3711
867
7481
3516
2174
5612
6871
2513
3104
5940
6845
8661
1494
4441
6166
5681
212
7793
7054
7910
8098
7153
3441
429
2336
9075
1695
3917
6560
4274
9037
6819
1648
3184
8029
4946
1229
2689
7647
6748
1386
4367
6343
7687
3308
4964
8349
1250
1986
1585
5118
3574
1147
5147
8957
4492
6390
4695
4204
7246
7378
5895
1519
8903
7913
8426
2200
8331
2071
8577
899
1961
4264
3442
8705
8679
4962
6020
3464
6574
2619
336
4378
7411
8782
8441
8978
5853
7719
3298
5066
3315
5168
7210
7449
6627
7672
3732
3793
3731
5450
6637
3740
907
4571
1274
1488
7437
6866
9487
7671
1844
8905
1393
6954
5776
4570
1312
8734
3132
9580
2823
1290
3960
6190
7530
6127
636
4732
8198
1316
5827
992
3605
8310
8859
5563
8041
2116
7303
2458
3786
9889
9912
5259
9436
4434
5545
4115
3213
7234
1876
9854
3859
4687
8269
2144
4876
9551
101
9620
8087
6040
5050
8754
4815
3589
7215
6683
4656
8565
6067
2278
7908
1984
4679
4649
4761
7279
5609
2806
9673
4669
8505
9799
5010
5823
8984
7186
2221
758
9236
5317
8258
1516
6790
1412
7578
7357
9464
9571
3882
2014
2546
8798
6486
7013
1343
4269
9479
7185
5947
5668
4618
1884
1932
3383
851
5709
6978
7750
5467
6730
8535
9195
1352
9179
8296
9069
8590
84
7067
4036
1764
6023
92
7067
8160
6690
6376
2381
5018
874
3352
8517
203
5367
6161
9157
4603
1697
7181
50
4430
3422
9727
270
7739
4530
6820
1867
7300
2609
6511
1289
7296
2353
2229
1698
1974
9774
7844
4320
1497
7580
5284
5038
1062
4919
8930
918
2547
7289
6555
4164
6501
2928
3959
4787
5461
1109
7537
7415
528
2788
9546
5384
4939
8963
5453
4915
9544
6616
5011
920
7247
8140
8971
7997
2953
7001
6982
2199
1300
1061
7668
1994
2481
118
1719
1656
8143
1650
4870
8113
9257
288
9936
930
1959
625
8600
7252
9000
2942
8356
9946
602
3104
4312
9805
8196
3321
3747
6866
5141
6799
1720
9959
9469
4663
1561
2369
5597
4034
1215
18
9003
2083
3731
8991
7399
8717
3195
4389
2446
7506
2713
7191
9983
2218
4102
8667
5214
4265
2235
3060
2396
2340
7310
9026
5942
4864
5093
157
9787
1630
6278
5606
663
3922
8791
2273
1962
5720
763
1700
599
6565
9607
811
8893
3665
1807
1899
9035
3346
4251
5491
9411
412
2327
8004
8370
3945
9151
4266
2811
1019
714
2087
1913
8338
731
7530
2262
3535
3485
635
3432
8971
8798
377
1047
4435
7483
2000
5966
8838
4716
9307
2026
5807
2584
6055
1215
8817
797
8710
1534
1196
4576
5239
8587
4106
6577
8021
9528
4004
4664
8983
1548
7973
602
9576
376
3092
2739
4760
4068
8979
1569
7700
5861
3899
8883
2311
2377
3650
8821
1869
5508
3483
6274
6572
626
4192
5209
6902
8669
4779
2398
2107
3534
2562
9908
3144
1667
4544
1116
3907
9537
6417
6691
8900
8975
5015
5993
5960
7097
7143
7188
7858
879
807
3245
6961
6098
4550
5539
1050
9000
5359
4885
5066
929
8598
1569
531
4999
1905
5299
8998
7814
6960
6271
2340
7570
7043
3374
8543
2839
6636
6710
9623
1957
2106
766
324
5746
9644
2212
2704
8874
1230
3278
4420
365
5326
6468
5613
7205
1594
2364
4668
1886
1075
7130
4750
801
1611
59
2758
8023
5854
5805
1389
8808
7991
9383
8437
9051
5649
8559
4964
3905
4451
3504
4540
3469
300
3553
4868
7195
2707
3215
1847
1151
3979
2014
9420
1473
9373
5273
3536
4075
8418
8481
2325
2494
4898
2403
475
342
6906
3405
3268
2376
8440
5842
4471
5393
3893
3787
5094
7320
1960
8767
9734
5371
4814
8931
3791
6579
2259
6776
5211
8453
1030
2459
3784
1167
1762
4479
3772
3572
1839
8888
5449
8426
8742
1356
6647
9825
3430
4130
935
3624
6588
1951
3358
4580
9156
6033
6808
5135
813
4562
6647
3067
4570
6400
798
7943
389
2607
9247
5687
8230
6489
8076
7303
2327
58
1568
1134
6724
2702
7077
9779
1386
35
4358
8318
6808
7956
604
5283
8948
2725
5898
1066
8358
6464
2899
265
1444
2214
7789
141
47
2733
7876
4569
7280
6290
574
9219
5977
6094
2094
6243
5368
5611
5562
4337
4863
7213
448
168
6461
3182
6326
4097
9029
3414
4793
3437
7473
2289
6780
1326
1213
4814
8574
365
5536
813
5498
9488
9294
6692
3105
4516
7998
1520
5145
2706
8820
9132
7725
8581
917
2137
4837
7707
8111
5320
6654
7011
2655
1115
3343
9503
8348
8935
7573
7831
8201
5284
7226
7381
7306
1552
2575
7302
8887
7694
6709
917
1956
4414
6101
5456
3213
9109
3728
3657
5030
8623
7012
6237
3503
8397
5616
6008
9456
3715
1033
146
5988
2547
1303
2859
5274
8714
8946
9722
1026
9359
5278
980
1173
9212
1516
9505
4282
6013
8270
9364
9444
8861
1908
1140
4882
4706
7046
8247
5926
4665
3486
1474
558
1181
516
3059
8407
6977
6979
4006
3789
1505
7957
1763
5621
9681
9225
527
2101
5085
7282
3275
7198
2548
1283
1019
3621
9450
5316
4174
5151
8918
6762
531
7260
4144
9311
4604
4202
9346
3669
142
5967
5967
1433
9905
7459
2697
9821
632
5287
2638
2376
1474
1555
3551
1276
5387
6201
7011
2528
8199
1715
3127
8632
423
9921
2746
1789
2329
5920
8122
2686
80
5347
4640
9141
9910
5214
7447
3106
6311
9587
7518
5637
3635
5483
1314
9831
326
684
5173
2841
5022
3464
7965
7850
703
5666
6597
8256
5387
762
3651
9406
3487
1703
6699